0.00000E+000   0.00000E+000   
4.00000E-001   4.00000E-001   
1.30940E-002   1.31977E-002   
3.98180E-001   4.00862E-001   
7.44138E-002   7.48996E-002   
3.89847E-001   4.05090E-001   
8.75179E-002   8.80921E-002   
3.88108E-001   4.06036E-001   
1.48943E-001   1.49734E-001   
3.80146E-001   4.10660E-001   
1.62056E-001   1.62921E-001   
3.78486E-001   4.11692E-001   
2.23579E-001   2.24496E-001   
3.70886E-001   4.16717E-001   
2.36701E-001   2.37676E-001   
3.69305E-001   4.17836E-001   
2.98316E-001   2.99179E-001   
3.62059E-001   4.23267E-001   
3.11446E-001   3.12352E-001   
3.60553E-001   4.24474E-001   
3.73145E-001   3.73775E-001   
3.53654E-001   4.30316E-001   
3.86283E-001   3.86940E-001   
3.52223E-001   4.31613E-001   
4.48061E-001   4.48276E-001   
3.45664E-001   4.37872E-001   
4.61205E-001   4.61433E-001   
3.44305E-001   4.39260E-001   
5.23057E-001   5.22673E-001   
3.38079E-001   4.45942E-001   
5.36208E-001   5.35821E-001   
3.36791E-001   4.47423E-001   
5.98127E-001   5.96959E-001   
3.30892E-001   4.54534E-001   
6.11284E-001   6.10096E-001   
3.29673E-001   4.56110E-001   
6.73266E-001   6.71123E-001   
3.24094E-001   4.63657E-001   
6.86429E-001   6.84250E-001   
3.22944E-001   4.65329E-001   
7.48469E-001   7.45155E-001   
3.17679E-001   4.73320E-001   
7.61637E-001   7.58270E-001   
3.16595E-001   4.75090E-001   
8.23731E-001   8.19046E-001   
3.11639E-001   4.83532E-001   
8.36904E-001   8.32149E-001   
3.10621E-001   4.85402E-001   
8.99047E-001   8.92783E-001   
3.05968E-001   4.94302E-001   
9.12224E-001   9.05873E-001   
3.05014E-001   4.96274E-001   
9.74414E-001   9.66356E-001   
3.00659E-001   5.05640E-001   
9.87595E-001   9.79431E-001   
2.99768E-001   5.07718E-001   
1.04983E+000   1.03975E+000   
2.95707E-001   5.17558E-001   
1.06301E+000   1.05281E+000   
2.94878E-001   5.19743E-001   
1.12528E+000   1.11296E+000   
2.91106E-001   5.30066E-001   
1.13847E+000   1.12600E+000   
2.90338E-001   5.32360E-001   
1.20077E+000   1.18596E+000   
2.86851E-001   5.43174E-001   
1.21396E+000   1.19898E+000   
2.86143E-001   5.45581E-001   
1.27630E+000   1.25874E+000   
2.82937E-001   5.56895E-001   
1.28949E+000   1.27174E+000   
2.82289E-001   5.59416E-001   
1.35186E+000   1.33128E+000   
2.79361E-001   5.71240E-001   
1.36506E+000   1.34427E+000   
2.78771E-001   5.73879E-001   
1.42745E+000   1.40358E+000   
2.76117E-001   5.86221E-001   
1.44065E+000   1.41654E+000   
2.75585E-001   5.88980E-001   
1.50306E+000   1.47560E+000   
2.73202E-001   6.01850E-001   
1.51626E+000   1.48854E+000   
2.72727E-001   6.04733E-001   
1.57870E+000   1.54733E+000   
2.70614E-001   6.18139E-001   
1.59190E+000   1.56024E+000   
2.70195E-001   6.21148E-001   
1.65435E+000   1.61876E+000   
2.68348E-001   6.35101E-001   
1.66755E+000   1.63164E+000   
2.67986E-001   6.38240E-001   
1.73002E+000   1.68985E+000   
2.66403E-001   6.52747E-001   
1.74323E+000   1.70271E+000   
2.66097E-001   6.56020E-001   
1.80571E+000   1.76059E+000   
2.64777E-001   6.71091E-001   
1.81891E+000   1.77341E+000   
2.64525E-001   6.74500E-001   
1.88140E+000   1.83096E+000   
2.63466E-001   6.90143E-001   
1.89461E+000   1.84374E+000   
2.63270E-001   6.93693E-001   
1.95711E+000   1.90092E+000   
2.62471E-001   7.09918E-001   
1.97032E+000   1.91367E+000   
2.62330E-001   7.13612E-001   
2.03282E+000   1.97045E+000   
2.61789E-001   7.30425E-001   
2.04603E+000   1.98316E+000   
2.61703E-001   7.34267E-001   
2.10854E+000   2.03953E+000   
2.61421E-001   7.51678E-001   
2.12175E+000   2.05220E+000   
2.61389E-001   7.55672E-001   
2.18426E+000   2.10812E+000   
2.61365E-001   7.73686E-001   
2.19747E+000   2.12074E+000   
2.61388E-001   7.77836E-001   
2.25997E+000   2.17619E+000   
2.61622E-001   7.96460E-001   
2.27318E+000   2.18876E+000   
2.61699E-001   8.00771E-001   
2.33569E+000   2.24370E+000   
2.62192E-001   8.20010E-001   
2.34890E+000   2.25623E+000   
2.62323E-001   8.24486E-001   
2.41140E+000   2.31063E+000   
2.63075E-001   8.44346E-001   
2.42460E+000   2.32310E+000   
2.63261E-001   8.48990E-001   
2.48710E+000   2.37694E+000   
2.64273E-001   8.69474E-001   
2.50030E+000   2.38935E+000   
2.64514E-001   8.74292E-001   
2.56279E+000   2.44259E+000   
2.65786E-001   8.95403E-001   
2.57599E+000   2.45493E+000   
2.66083E-001   9.00399E-001   
2.63846E+000   2.50753E+000   
2.67617E-001   9.22137E-001   
2.65166E+000   2.51981E+000   
2.67970E-001   9.27316E-001   
2.71412E+000   2.57173E+000   
2.69768E-001   9.49682E-001   
2.72732E+000   2.58393E+000   
2.70176E-001   9.55048E-001   
2.78976E+000   2.63513E+000   
2.72241E-001   9.78039E-001   
2.80296E+000   2.64727E+000   
2.72706E-001   9.83598E-001   
2.86538E+000   2.69771E+000   
2.75039E-001   1.00721E+000   
2.87858E+000   2.70976E+000   
2.75561E-001   1.01297E+000   
2.94097E+000   2.75940E+000   
2.78165E-001   1.03719E+000   
2.95417E+000   2.77137E+000   
2.78744E-001   1.04315E+000   
3.01654E+000   2.82017E+000   
2.81622E-001   1.06798E+000   
3.02974E+000   2.83204E+000   
2.82260E-001   1.07415E+000   
3.09208E+000   2.87995E+000   
2.85415E-001   1.09958E+000   
3.10527E+000   2.89172E+000   
2.86112E-001   1.10596E+000   
3.16758E+000   2.93870E+000   
2.89547E-001   1.13197E+000   
3.18077E+000   2.95037E+000   
2.90304E-001   1.13857E+000   
3.24305E+000   2.99637E+000   
2.94024E-001   1.16514E+000   
3.25623E+000   3.00792E+000   
2.94841E-001   1.17196E+000   
3.31847E+000   3.05289E+000   
2.98849E-001   1.19909E+000   
3.33165E+000   3.06433E+000   
2.99729E-001   1.20613E+000   
3.39385E+000   3.10822E+000   
3.04030E-001   1.23378E+000   
3.40703E+000   3.11954E+000   
3.04972E-001   1.24106E+000   
3.46918E+000   3.16230E+000   
3.09570E-001   1.26921E+000   
3.48235E+000   3.17349E+000   
3.10577E-001   1.27673E+000   
3.54446E+000   3.21508E+000   
3.15477E-001   1.30535E+000   
3.55762E+000   3.22612E+000   
3.16549E-001   1.31311E+000   
3.61967E+000   3.26650E+000   
3.21757E-001   1.34216E+000   
3.63284E+000   3.27739E+000   
3.22895E-001   1.35017E+000   
3.69483E+000   3.31652E+000   
3.28417E-001   1.37963E+000   
3.70799E+000   3.32725E+000   
3.29623E-001   1.38789E+000   
3.76992E+000   3.36507E+000   
3.35463E-001   1.41771E+000   
3.78307E+000   3.37569E+000   
3.36738E-001   1.42615E+000   
3.84494E+000   3.41339E+000   
3.42904E-001   1.45478E+000   
3.85808E+000   3.42440E+000   
3.44250E-001   1.46277E+000   
3.91987E+000   3.46262E+000   
3.50748E-001   1.48932E+000   
3.93301E+000   3.47397E+000   
3.52166E-001   1.49687E+000   
3.99473E+000   3.51260E+000   
3.59002E-001   1.52147E+000   
4.00786E+000   3.52426E+000   
3.60494E-001   1.52858E+000   
4.06949E+000   3.56318E+000   
3.67676E-001   1.55134E+000   
4.08261E+000   3.57512E+000   
3.69243E-001   1.55804E+000   
4.14415E+000   3.61425E+000   
3.76779E-001   1.57908E+000   
4.15727E+000   3.62644E+000   
3.78423E-001   1.58537E+000   
4.21871E+000   3.66570E+000   
3.86319E-001   1.60482E+000   
4.23182E+000   3.67811E+000   
3.88043E-001   1.61072E+000   
4.29316E+000   3.71744E+000   
3.96308E-001   1.62870E+000   
4.30625E+000   3.73005E+000   
3.98113E-001   1.63423E+000   
4.36748E+000   3.76941E+000   
4.06755E-001   1.65083E+000   
4.38057E+000   3.78219E+000   
4.08644E-001   1.65601E+000   
4.44167E+000   3.82154E+000   
4.17670E-001   1.67135E+000   
4.45475E+000   3.83448E+000   
4.19645E-001   1.67620E+000   
4.51573E+000   3.87378E+000   
4.29065E-001   1.69037E+000   
4.52879E+000   3.88687E+000   
4.31128E-001   1.69490E+000   
4.58963E+000   3.92610E+000   
4.40951E-001   1.70800E+000   
4.60268E+000   3.93931E+000   
4.43104E-001   1.71224E+000   
4.66338E+000   3.97847E+000   
4.53339E-001   1.72435E+000   
4.67641E+000   3.99178E+000   
4.55584E-001   1.72831E+000   
4.73695E+000   4.03085E+000   
4.66242E-001   1.73950E+000   
4.74997E+000   4.04426E+000   
4.68582E-001   1.74320E+000   
4.81034E+000   4.08322E+000   
4.79671E-001   1.75356E+000   
4.82334E+000   4.09672E+000   
4.82109E-001   1.75702E+000   
4.88353E+000   4.13558E+000   
4.93638E-001   1.76660E+000   
4.89651E+000   4.14916E+000   
4.96177E-001   1.76983E+000   
4.95651E+000   4.18791E+000   
5.08157E-001   1.77871E+000   
4.96948E+000   4.20156E+000   
5.10800E-001   1.78172E+000   
5.02927E+000   4.24020E+000   
5.23241E-001   1.78994E+000   
5.04221E+000   4.25391E+000   
5.25989E-001   1.79275E+000   
5.10178E+000   4.29244E+000   
5.38902E-001   1.80037E+000   
5.11471E+000   4.30621E+000   
5.41760E-001   1.80299E+000   
5.17404E+000   4.34464E+000   
5.55154E-001   1.81006E+000   
5.18694E+000   4.35845E+000   
5.58124E-001   1.81250E+000   
5.24602E+000   4.39678E+000   
5.72010E-001   1.81906E+000   
5.25890E+000   4.41064E+000   
5.75096E-001   1.82134E+000   
5.31771E+000   4.44887E+000   
5.89484E-001   1.82742E+000   
5.33057E+000   4.46276E+000   
5.92689E-001   1.82955E+000   
5.38909E+000   4.50090E+000   
6.07589E-001   1.83519E+000   
5.40191E+000   4.51483E+000   
6.10917E-001   1.83718E+000   
5.46013E+000   4.55288E+000   
6.26338E-001   1.84242E+000   
5.47293E+000   4.56684E+000   
6.29793E-001   1.84427E+000   
5.53082E+000   4.60480E+000   
6.45746E-001   1.84914E+000   
5.54358E+000   4.61880E+000   
6.49331E-001   1.85087E+000   
5.60112E+000   4.65667E+000   
6.65826E-001   1.85539E+000   
5.61385E+000   4.67069E+000   
6.69544E-001   1.85700E+000   
5.67102E+000   4.70849E+000   
6.86590E-001   1.86120E+000   
5.68371E+000   4.72254E+000   
6.90446E-001   1.86271E+000   
5.74049E+000   4.76026E+000   
7.08051E-001   1.86661E+000   
5.75314E+000   4.77433E+000   
7.12049E-001   1.86802E+000   
5.80949E+000   4.81199E+000   
7.30222E-001   1.87165E+000   
5.82210E+000   4.82607E+000   
7.34366E-001   1.87295E+000   
5.87801E+000   4.86366E+000   
7.53115E-001   1.87633E+000   
5.89057E+000   4.87776E+000   
7.57409E-001   1.87755E+000   
5.94600E+000   4.91529E+000   
7.76740E-001   1.88069E+000   
5.95852E+000   4.92941E+000   
7.81189E-001   1.88183E+000   
6.01344E+000   4.96688E+000   
8.01110E-001   1.88475E+000   
6.02591E+000   4.98101E+000   
8.05717E-001   1.88581E+000   
6.08030E+000   5.01843E+000   
8.26232E-001   1.88852E+000   
6.09271E+000   5.03258E+000   
8.31003E-001   1.88951E+000   
6.14652E+000   5.06995E+000   
8.52117E-001   1.89204E+000   
6.15887E+000   5.08410E+000   
8.57056E-001   1.89296E+000   
6.21209E+000   5.12142E+000   
8.78771E-001   1.89531E+000   
6.22437E+000   5.13559E+000   
8.83883E-001   1.89617E+000   
6.27694E+000   5.17287E+000   
9.06202E-001   1.89835E+000   
6.28917E+000   5.18704E+000   
9.11492E-001   1.89915E+000   
6.34106E+000   5.22428E+000   
9.34414E-001   1.90118E+000   
6.35321E+000   5.23846E+000   
9.39886E-001   1.90193E+000   
6.40438E+000   5.27566E+000   
9.63410E-001   1.90381E+000   
6.41646E+000   5.28985E+000   
9.69069E-001   1.90451E+000   
6.46687E+000   5.32701E+000   
9.93191E-001   1.90626E+000   
6.47887E+000   5.34121E+000   
9.99043E-001   1.90691E+000   
6.52848E+000   5.37834E+000   
1.02376E+000   1.90853E+000   
6.54039E+000   5.39255E+000   
1.02981E+000   1.90913E+000   
6.58916E+000   5.42964E+000   
1.05511E+000   1.91065E+000   
6.60098E+000   5.44385E+000   
1.06136E+000   1.91120E+000   
6.64886E+000   5.48092E+000   
1.08723E+000   1.91261E+000   
6.66058E+000   5.49514E+000   
1.09369E+000   1.91312E+000   
6.70753E+000   5.53218E+000   
1.12013E+000   1.91442E+000   
6.71914E+000   5.54640E+000   
1.12680E+000   1.91491E+000   
6.76511E+000   5.58342E+000   
1.15378E+000   1.91611E+000   
6.77661E+000   5.59764E+000   
1.16067E+000   1.91656E+000   
6.82155E+000   5.63463E+000   
1.18818E+000   1.91767E+000   
6.83294E+000   5.64887E+000   
1.19530E+000   1.91808E+000   
6.87681E+000   5.68583E+000   
1.22331E+000   1.91911E+000   
6.88807E+000   5.70007E+000   
1.23065E+000   1.91949E+000   
6.93081E+000   5.73702E+000   
1.25915E+000   1.92044E+000   
6.94194E+000   5.75126E+000   
1.26672E+000   1.92080E+000   
6.98352E+000   5.78819E+000   
1.29567E+000   1.92167E+000   
6.99451E+000   5.80243E+000   
1.30348E+000   1.92200E+000   
7.03487E+000   5.83935E+000   
1.33284E+000   1.92280E+000   
7.04571E+000   5.85359E+000   
1.34090E+000   1.92310E+000   
7.08481E+000   5.89049E+000   
1.37065E+000   1.92384E+000   
7.09549E+000   5.90474E+000   
1.37896E+000   1.92411E+000   
7.13330E+000   5.94162E+000   
1.40905E+000   1.92478E+000   
7.14388E+000   5.95587E+000   
1.41753E+000   1.92503E+000   
7.18158E+000   5.99274E+000   
1.44641E+000   1.92565E+000   
7.19254E+000   6.00700E+000   
1.45444E+000   1.92588E+000   
7.23080E+000   6.04385E+000   
1.48121E+000   1.92643E+000   
7.24211E+000   6.05811E+000   
1.48879E+000   1.92664E+000   
7.28079E+000   6.09495E+000   
1.51358E+000   1.92714E+000   
7.29242E+000   6.10921E+000   
1.52071E+000   1.92733E+000   
7.33142E+000   6.14605E+000   
1.54363E+000   1.92778E+000   
7.34333E+000   6.16031E+000   
1.55034E+000   1.92794E+000   
7.38255E+000   6.19713E+000   
1.57151E+000   1.92834E+000   
7.39472E+000   6.21140E+000   
1.57781E+000   1.92849E+000   
7.43408E+000   6.24821E+000   
1.59736E+000   1.92884E+000   
7.44648E+000   6.26248E+000   
1.60326E+000   1.92897E+000   
7.48593E+000   6.29929E+000   
1.62129E+000   1.92928E+000   
7.49852E+000   6.31355E+000   
1.62681E+000   1.92939E+000   
7.53801E+000   6.35036E+000   
1.64345E+000   1.92965E+000   
7.55079E+000   6.36462E+000   
1.64861E+000   1.92975E+000   
7.59027E+000   6.40142E+000   
1.66395E+000   1.92996E+000   
7.60320E+000   6.41569E+000   
1.66877E+000   1.93004E+000   
7.64265E+000   6.45249E+000   
1.68291E+000   1.93022E+000   
7.65573E+000   6.46675E+000   
1.68741E+000   1.93028E+000   
7.69512E+000   6.50355E+000   
1.70045E+000   1.93041E+000   
7.70832E+000   6.51781E+000   
1.70464E+000   1.93045E+000   
7.74764E+000   6.55460E+000   
1.71666E+000   1.93055E+000   
7.76095E+000   6.56887E+000   
1.72056E+000   1.93058E+000   
7.80018E+000   6.60566E+000   
1.73164E+000   1.93063E+000   
7.81359E+000   6.61993E+000   
1.73527E+000   1.93064E+000   
7.85273E+000   6.65672E+000   
1.74548E+000   1.93065E+000   
7.86623E+000   6.67099E+000   
1.74886E+000   1.93065E+000   
7.90527E+000   6.70777E+000   
1.75826E+000   1.93062E+000   
7.91885E+000   6.72204E+000   
1.76140E+000   1.93060E+000   
7.95778E+000   6.75883E+000   
1.77007E+000   1.93053E+000   
7.97143E+000   6.77310E+000   
1.77298E+000   1.93050E+000   
8.01027E+000   6.80989E+000   
1.78096E+000   1.93039E+000   
8.02397E+000   6.82416E+000   
1.78366E+000   1.93034E+000   
8.06271E+000   6.86095E+000   
1.79100E+000   1.93018E+000   
8.07647E+000   6.87522E+000   
1.79351E+000   1.93012E+000   
8.11511E+000   6.91202E+000   
1.80026E+000   1.92992E+000   
8.12892E+000   6.92628E+000   
1.80257E+000   1.92984E+000   
8.16747E+000   6.96309E+000   
1.80878E+000   1.92960E+000   
8.18132E+000   6.97735E+000   
1.81092E+000   1.92950E+000   
8.21978E+000   7.01416E+000   
1.81661E+000   1.92922E+000   
8.23367E+000   7.02842E+000   
1.81859E+000   1.92910E+000   
8.27204E+000   7.06524E+000   
1.82381E+000   1.92878E+000   
8.28597E+000   7.07950E+000   
1.82562E+000   1.92864E+000   
8.32426E+000   7.11632E+000   
1.83040E+000   1.92827E+000   
8.33821E+000   7.13058E+000   
1.83207E+000   1.92811E+000   
8.37643E+000   7.16741E+000   
1.83643E+000   1.92769E+000   
8.39041E+000   7.18167E+000   
1.83796E+000   1.92752E+000   
8.42856E+000   7.21851E+000   
1.84194E+000   1.92704E+000   
8.44257E+000   7.23277E+000   
1.84333E+000   1.92685E+000   
8.48064E+000   7.26962E+000   
1.84694E+000   1.92633E+000   
8.49467E+000   7.28388E+000   
1.84820E+000   1.92611E+000   
8.53269E+000   7.32074E+000   
1.85147E+000   1.92553E+000   
8.54674E+000   7.33499E+000   
1.85262E+000   1.92529E+000   
8.58470E+000   7.37186E+000   
1.85556E+000   1.92465E+000   
8.59877E+000   7.38612E+000   
1.85659E+000   1.92439E+000   
8.63668E+000   7.42300E+000   
1.85922E+000   1.92369E+000   
8.65076E+000   7.43725E+000   
1.86014E+000   1.92341E+000   
8.68863E+000   7.47415E+000   
1.86247E+000   1.92264E+000   
8.70272E+000   7.48840E+000   
1.86329E+000   1.92233E+000   
8.74055E+000   7.52532E+000   
1.86534E+000   1.92150E+000   
8.75465E+000   7.53956E+000   
1.86606E+000   1.92116E+000   
8.79244E+000   7.57650E+000   
1.86784E+000   1.92026E+000   
8.80656E+000   7.59074E+000   
1.86846E+000   1.91989E+000   
8.84432E+000   7.62769E+000   
1.86998E+000   1.91891E+000   
8.85844E+000   7.64193E+000   
1.87050E+000   1.91852E+000   
8.89617E+000   7.67891E+000   
1.87177E+000   1.91745E+000   
8.91030E+000   7.69314E+000   
1.87220E+000   1.91702E+000   
8.94801E+000   7.73014E+000   
1.87323E+000   1.91587E+000   
8.96215E+000   7.74436E+000   
1.87357E+000   1.91541E+000   
8.99984E+000   7.78139E+000   
1.87435E+000   1.91417E+000   
9.01398E+000   7.79561E+000   
1.87460E+000   1.91367E+000   
9.05166E+000   7.83266E+000   
1.87515E+000   1.91233E+000   
9.06580E+000   7.84688E+000   
1.87532E+000   1.91179E+000   
9.10348E+000   7.88395E+000   
1.87563E+000   1.91035E+000   
9.11762E+000   7.89817E+000   
1.87571E+000   1.90977E+000   
9.15529E+000   7.93527E+000   
1.87580E+000   1.90821E+000   
9.16943E+000   7.94948E+000   
1.87579E+000   1.90759E+000   
9.20710E+000   7.98662E+000   
1.87565E+000   1.90591E+000   
9.22124E+000   8.00082E+000   
1.87555E+000   1.90525E+000   
9.25892E+000   8.03799E+000   
1.87518E+000   1.90344E+000   
9.27306E+000   8.05218E+000   
1.87499E+000   1.90272E+000   
9.31075E+000   8.08939E+000   
1.87439E+000   1.90078E+000   
9.32488E+000   8.10357E+000   
1.87411E+000   1.90001E+000   
9.36258E+000   8.14083E+000   
1.87327E+000   1.89791E+000   
9.37671E+000   8.15500E+000   
1.87291E+000   1.89709E+000   
9.41443E+000   8.19230E+000   
1.87183E+000   1.89484E+000   
9.42856E+000   8.20646E+000   
1.87138E+000   1.89395E+000   
9.46630E+000   8.24380E+000   
1.87005E+000   1.89153E+000   
9.48042E+000   8.25795E+000   
1.86950E+000   1.89058E+000   
9.51818E+000   8.29534E+000   
1.86792E+000   1.88798E+000   
9.53230E+000   8.30948E+000   
1.86728E+000   1.88696E+000   
9.57010E+000   8.34692E+000   
1.86543E+000   1.88416E+000   
9.58420E+000   8.36104E+000   
1.86469E+000   1.88307E+000   
9.62203E+000   8.39854E+000   
1.86257E+000   1.88006E+000   
9.63612E+000   8.41265E+000   
1.86173E+000   1.87888E+000   
9.67400E+000   8.45021E+000   
1.85933E+000   1.87565E+000   
9.68808E+000   8.46430E+000   
1.85838E+000   1.87439E+000   
9.72600E+000   8.50192E+000   
1.85568E+000   1.87091E+000   
9.74006E+000   8.51600E+000   
1.85462E+000   1.86956E+000   
9.77804E+000   8.55368E+000   
1.85161E+000   1.86582E+000   
9.79208E+000   8.56774E+000   
1.85043E+000   1.86437E+000   
9.83011E+000   8.60550E+000   
1.84709E+000   1.86034E+000   
9.84414E+000   8.61953E+000   
1.84579E+000   1.85879E+000   
9.88223E+000   8.65736E+000   
1.84210E+000   1.85446E+000   
9.89623E+000   8.67137E+000   
1.84067E+000   1.85280E+000   
9.93440E+000   8.70928E+000   
1.83660E+000   1.84813E+000   
9.94837E+000   8.72326E+000   
1.83505E+000   1.84635E+000   
9.98661E+000   8.76126E+000   
1.83059E+000   1.84133E+000   
1.00006E+001   8.77521E+000   
1.82888E+000   1.83942E+000   
1.00389E+001   8.81329E+000   
1.82400E+000   1.83402E+000   
1.00528E+001   8.82721E+000   
1.82215E+000   1.83197E+000   
1.00912E+001   8.86539E+000   
1.81682E+000   1.82615E+000   
1.01051E+001   8.87927E+000   
1.81481E+000   1.82396E+000   
1.01435E+001   8.91754E+000   
1.80899E+000   1.81768E+000   
1.01574E+001   8.93138E+000   
1.80681E+000   1.81533E+000   
1.01959E+001   8.96975E+000   
1.80048E+000   1.80857E+000   
1.02097E+001   8.98354E+000   
1.79812E+000   1.80605E+000   
1.02484E+001   9.02202E+000   
1.79123E+000   1.79875E+000   
1.02622E+001   9.03576E+000   
1.78868E+000   1.79605E+000   
1.03009E+001   9.07434E+000   
1.78120E+000   1.78818E+000   
1.03146E+001   9.08802E+000   
1.77844E+000   1.78529E+000   
1.03535E+001   9.12671E+000   
1.77031E+000   1.77680E+000   
1.03671E+001   9.14033E+000   
1.76734E+000   1.77370E+000   
1.04061E+001   9.17913E+000   
1.75851E+000   1.76453E+000   
1.04196E+001   9.19267E+000   
1.75531E+000   1.76121E+000   
1.04587E+001   9.23158E+000   
1.74572E+000   1.75130E+000   
1.04722E+001   9.24504E+000   
1.74228E+000   1.74774E+000   
1.05113E+001   9.28405E+000   
1.73187E+000   1.73704E+000   
1.05247E+001   9.29742E+000   
1.72818E+000   1.73323E+000   
1.05640E+001   9.33652E+000   
1.71688E+000   1.72166E+000   
1.05773E+001   9.34979E+000   
1.71291E+000   1.71758E+000   
1.06166E+001   9.38899E+000   
1.70066E+000   1.70507E+000   
1.06298E+001   9.40214E+000   
1.69639E+000   1.70070E+000   
1.06692E+001   9.44141E+000   
1.68310E+000   1.68716E+000   
1.06822E+001   9.45443E+000   
1.67853E+000   1.68250E+000   
1.07217E+001   9.49376E+000   
1.66411E+000   1.66784E+000   
1.07346E+001   9.50664E+000   
1.65921E+000   1.66286E+000   
1.07741E+001   9.54599E+000   
1.64357E+000   1.64700E+000   
1.07868E+001   9.55871E+000   
1.63832E+000   1.64167E+000   
1.08263E+001   9.59806E+000   
1.62137E+000   1.62450E+000   
1.08388E+001   9.61059E+000   
1.61576E+000   1.61882E+000   
1.08783E+001   9.64990E+000   
1.59737E+000   1.60023E+000   
1.08906E+001   9.66222E+000   
1.59138E+000   1.59417E+000   
1.09299E+001   9.70143E+000   
1.57145E+000   1.57406E+000   
1.09421E+001   9.71352E+000   
1.56506E+000   1.56760E+000   
1.09812E+001   9.75257E+000   
1.54348E+000   1.54584E+000   
1.09931E+001   9.76439E+000   
1.53668E+000   1.53897E+000   
1.10320E+001   9.80320E+000   
1.51332E+000   1.51545E+000   
1.10436E+001   9.81473E+000   
1.50608E+000   1.50815E+000   
1.10821E+001   9.85320E+000   
1.48083E+000   1.48274E+000   
1.10934E+001   9.86441E+000   
1.47315E+000   1.47501E+000   
1.11315E+001   9.90243E+000   
1.44588E+000   1.44759E+000   
1.11424E+001   9.91328E+000   
1.43775E+000   1.43941E+000   
1.11799E+001   9.95071E+000   
1.40835E+000   1.40987E+000   
1.11904E+001   9.96117E+000   
1.39976E+000   1.40123E+000   
1.12272E+001   9.99786E+000   
1.36812E+000   1.36947E+000   
1.12373E+001   1.00079E+001   
1.35907E+000   1.36038E+000   
1.12732E+001   1.00437E+001   
1.32511E+000   1.32629E+000   
1.12828E+001   1.00532E+001   
1.31560E+000   1.31675E+000   
1.13176E+001   1.00879E+001   
1.27925E+000   1.28028E+000   
1.13266E+001   1.00970E+001   
1.26929E+000   1.27028E+000   
1.13602E+001   1.01304E+001   
1.23048E+000   1.23138E+000   
1.13687E+001   1.01389E+001   
1.22009E+000   1.22095E+000   
1.14007E+001   1.01708E+001   
1.17882E+000   1.17959E+000   
1.14086E+001   1.01787E+001   
1.16800E+000   1.16875E+000   
1.14389E+001   1.02089E+001   
1.12428E+000   1.12494E+000   
1.14463E+001   1.02162E+001   
1.11307E+000   1.11371E+000   
1.14747E+001   1.02445E+001   
1.06695E+000   1.06751E+000   
1.14814E+001   1.02512E+001   
1.05538E+000   1.05592E+000   
1.15077E+001   1.02774E+001   
1.00693E+000   1.00741E+000   
1.15137E+001   1.02834E+001   
9.95030E-001   9.95491E-001   
1.15378E+001   1.03074E+001   
9.44380E-001   9.44785E-001   
1.15431E+001   1.03127E+001   
9.32192E-001   9.32582E-001   
1.15648E+001   1.03343E+001   
8.79490E-001   8.79832E-001   
1.15695E+001   1.03390E+001   
8.67051E-001   8.67381E-001   
1.15887E+001   1.03581E+001   
8.12474E-001   8.12764E-001   
1.15927E+001   1.03622E+001   
7.99827E-001   8.00105E-001   
1.16094E+001   1.03787E+001   
7.43571E-001   7.43816E-001   
1.16128E+001   1.03821E+001   
7.30754E-001   7.30990E-001   
1.16269E+001   1.03962E+001   
6.73029E-001   6.73236E-001   
1.16298E+001   1.03990E+001   
6.60080E-001   6.60279E-001   
1.16414E+001   1.04106E+001   
6.01094E-001   6.01270E-001   
1.16437E+001   1.04129E+001   
5.88048E-001   5.88216E-001   
1.16530E+001   1.04222E+001   
5.28009E-001   5.28157E-001   
1.16548E+001   1.04239E+001   
5.14894E-001   5.15035E-001   
1.16619E+001   1.04311E+001   
4.53996E-001   4.54120E-001   
1.16632E+001   1.04324E+001   
4.40837E-001   4.40954E-001   
1.16684E+001   1.04376E+001   
3.79258E-001   3.79359E-001   
1.16694E+001   1.04385E+001   
3.66073E-001   3.66168E-001   
1.16729E+001   1.04420E+001   
3.03971E-001   3.04051E-001   
1.16735E+001   1.04426E+001   
2.90773E-001   2.90847E-001   
1.16756E+001   1.04447E+001   
2.28285E-001   2.28345E-001   
1.16759E+001   1.04450E+001   
2.15083E-001   2.15137E-001   
1.16771E+001   1.04461E+001   
1.52327E-001   1.52366E-001   
1.16772E+001   1.04463E+001   
1.39125E-001   1.39159E-001   
1.16776E+001   1.04467E+001   
7.62013E-002   7.62211E-002   
1.16776E+001   1.04467E+001   
6.30009E-002   6.30151E-002   
1.16777E+001   1.04468E+001   
0.00000E+000   0.00000E+000   
